0,0.09057786167847769,0.3150041699749199,2.0,113,1.0583718782236937,0.710790185724204,2.0,136,1.095103747176607,1.481756063024013,2.0,167
1,0.17635447736249205,0.37104748757233325,2.0,33,1.0567228178766348,1.536087010327821,2.0,99
2,0.018049797933586666,0.23705818734248468,2.0,16,1.0319267683799378,0.857165143570142,2.0,22,0.8261144837470482,1.5441642629639802,2.0,98,0.018049797933586666,0.23705818734248468,2.0,108,1.0319267683799378,0.857165143570142,2.0,200
3,0.985578262949307,0.9905850057892035,2.0,57,0.06059635601816257,0.3280469182196817,2.0,139,0.985578262949307,0.9905850057892035,2.0,171,0.06059635601816257,0.3280469182196817,2.0,200
4,1.105360760277912,1.3222374516890987,2.0,26
5,0.04316517819475784,0.4483269533662315,2.0,40,1.2264438746670603,0.7190517962248177,2.0,63,1.105360760277912,1.3222374516890987,2.0,66,1.105360760277912,0.4483269533662315,2.0,67,0.04316517819475784,0.4483269533662315,2.0,132,1.105360760277912,1.3222374516890987,2.0,155,1.2264438746670603,0.7190517962248177,2.0,167
6,1.0591338484809383,0.796359046948682,2.0,8,0.9207987000587728,1.537711859324912,2.0,23,0.1090378404165651,0.4115343405095482,2.0,60,0.9207987000587728,1.537711859324912,2.0,65,1.0591338484809383,0.796359046948682,2.0,110,0.9207987000587728,1.537711859324912,2.0,138,0.1090378404165651,0.4115343405095482,2.0,147,0.9207987000587728,1.537711859324912,2.0,200
7,0.9454418012044357,1.4031000431906393,2.0,81,0.21382738353170444,0.46496656045205925,2.0,107,1.036858938042862,0.886594922091001,2.0,129,0.9454418012044357,1.4031000431906393,2.0,142,1.036858938042862,0.886594922091001,2.0,173,0.9454418012044357,1.4031000431906393,2.0,176
8,0.9454418012044357,1.4031000431906393,2.0,4,0.21382738353170444,0.46496656045205925,2.0,15,1.036858938042862,0.886594922091001,2.0,18,0.21382738353170444,0.886594922091001,2.0,19,0.21382738353170444,0.46496656045205925,2.0,23
9,0.10089603682959072,0.6937687049405719,2.0,78,1.1422007553652336,1.5564900717761252,2.0,94,0.10089603682959072,0.6937687049405719,2.0,100,1.1422007553652336,1.5564900717761252,2.0,122,1.1310470203151661,0.714589497090198,2.0,156
10,1.1310470203151661,0.714589497090198,2.0,38
11,1.0009024079864335,0.8653035800595817,2.0,39
12,0.24897276229246462,0.12840370369137916,2.0,85,0.9364942676759648,1.5083323256426509,2.0,130,0.24897276229246462,0.12840370369137916,2.0,152,0.9364942676759648,1.5083323256426509,2.0,200
13,1.0542318372776807,0.7942092605206102,2.0,41,1.0906545324495294,1.5559700797846459,2.0,78
14,1.0736089484081985,1.5764680828787325,2.0,13,1.0394523667246536,0.8594590577758788,2.0,71,0.08853537568901643,0.42394871807828205,2.0,140,1.0736089484081985,1.5764680828787325,2.0,168
15,1.1067791298843455,0.8438380345825683,2.0,6,0.02649231856339642,0.4944562443768943,2.0,10,1.1067791298843455,0.8438380345825683,2.0,25,0.02649231856339642,0.4944562443768943,2.0,58,1.0586985679264538,1.5907173658972598,2.0,104,0.02649231856339642,0.4944562443768943,2.0,145,1.1067791298843455,0.8438380345825683,2.0,163,0.02649231856339642,0.4944562443768943,2.0,200
16,1.0740966677133572,0.9763729729441674,2.0,66,0.012011709064999584,0.5217234374856021,2.0,78,1.0114508308242924,1.6736689176307185,2.0,94,0.012011709064999584,0.5217234374856021,2.0,138,1.0740966677133572,0.9763729729441674,2.0,161,0.012011709064999584,0.5217234374856021,2.0,200
17,0.8118482051903414,0.761056682202809,2.0,24,0.21092497446267394,0.5263945204713006,2.0,51,0.8118482051903414,0.761056682202809,2.0,134,0.21092497446267394,0.5263945204713006,2.0,163,0.8118482051903414,0.761056682202809,2.0,189,0.21092497446267394,0.5263945204713006,2.0,200
18,0.9096942927464597,1.499041665996179,2.0,44,0.8951153064179902,0.9123714197391057,2.0,56,0.9096942927464597,1.499041665996179,2.0,59,0.8951153064179902,0.9123714197391057,2.0,182,0.9096942927464597,1.499041665996179,2.0,200
19,0.006438129112429955,0.5258172259554105,2.0,43,0.7762830153623166,0.9499422028611058,2.0,46,1.0314439205944228,1.4954953138550522,2.0,80,0.7762830153623166,0.9499422028611058,2.0,95,0.006438129112429955,0.5258172259554105,2.0,200
20,0.9459819367822025,1.029021795715126,2.0,39,1.1012499745456263,1.3225947164373075,2.0,172,0.9459819367822025,1.029021795715126,2.0,184,0.05809899948493186,0.27843441988608114,2.0,200
21,0.9655257386728153,1.5401975745244103,2.0,55
22,0.08372948163132406,0.3616026167838093,2.0,11,0.8159432911417884,1.5198924865528691,2.0,25
23,0.8054539797404587,0.8075639750917167,2.0,29
24,1.1393495444075843,1.411308545267161,2.0,24
25,0.9805064068593526,0.7225577764234263,2.0,25,1.0011963862153697,1.5402784168814863,2.0,71,0.11369516009556835,0.23839746061090386,2.0,111,0.9805064068593526,0.7225577764234263,2.0,124,1.0011963862153697,1.5402784168814863,2.0,127
26,0.04436055030354013,0.37498291292125147,2.0,137,1.0013282962999306,0.7758119633189978,2.0,185,1.0345509554573502,1.4126898192544524,2.0,200
27,0.1378008550790505,0.4053642757611667,2.0,52,0.6992713706294926,1.3481203612818382,2.0,72,0.6992713706294926,0.4053642757611667,2.0,73,0.1378008550790505,0.4053642757611667,2.0,88,0.6992713706294926,1.3481203612818382,2.0,99,1.183728847176904,0.7769546699563002,2.0,115
28,0.11665598452346723,0.46387190223216573,2.0,6,1.038538172458756,1.380027402182327,2.0,25
29,1.038538172458756,1.380027402182327,2.0,51,0.11665598452346723,0.46387190223216573,2.0,60,1.0372605715406313,0.9130897041707168,2.0,170
30,0.985359116508007,1.6263850707274576,2.0,16,0.06927157975781513,0.2577760911871416,2.0,26,1.0746794171504925,0.7758380252970255,2.0,38,0.985359116508007,1.6263850707274576,2.0,52
31,1.0487108643151362,0.925355862010747,2.0,121
32,0.9279966585021308,1.5250606776990063,2.0,35
33,1.0749611739979847,0.9609375354667474,2.0,9,0.09165069122029194,0.36206252668358313,2.0,21,1.0749611739979847,0.9609375354667474,2.0,67
34,1.0749611739979847,0.9609375354667474,2.0,58
35,0.8310579700220324,1.4332764073065225,2.0,23
36,1.219641300986383,1.5452925143417473,2.0,9,0.9587280347015513,0.6959225531686083,2.0,76,0.054755535508898626,0.37666408237977417,2.0,99
37,0.20559292442657073,0.3765085806859077,2.0,54
38,0.20559292442657073,0.3765085806859077,2.0,27,1.1105467981571069,1.4949736513034513,2.0,30
39,1.1105467981571069,1.4949736513034513,2.0,28
40,1.1148986300594683,1.6149310197426026,2.0,53
41,0.1276401991737282,0.473232061226704,2.0,22
42,0.8325889559350823,0.7446730182496129,2.0,23
43,1.1553058823456364,1.4741020744651294,2.0,7,0.19674578904720624,0.4635794704776293,2.0,110,1.1553058823456364,1.4741020744651294,2.0,125
44,1.00965274234612,1.5189942622827337,2.0,12,1.0229212409737143,0.9292644157184595,2.0,29,1.00965274234612,1.5189942622827337,2.0,165,0.13511619491495183,0.25953371355753074,2.0,187,1.0229212409737143,0.9292644157184595,2.0,200
45,0.8845153959807075,1.5780481592820415,2.0,40,0.9961858980678358,0.8721730367502146,2.0,200
46,0.961608189688022,0.7355189378972837,2.0,157,0.033956451355643985,0.3319486634526021,2.0,200
47,1.0815614953532189,1.59600024918401,2.0,14,0.15938888397220569,0.4033422142100841,2.0,33,1.0815614953532189,1.59600024918401,2.0,41,0.15938888397220569,0.4033422142100841,2.0,152,0.9441133721578834,0.8237833046165668,2.0,191
